0.00000000,
0.00084560,
0.00172831,
0.00232308,
0.00196757,
-0.00000000,
-0.00361199,
-0.00773058,
-0.01006126,
-0.00798022,
0.00000000,
0.01275278,
0.02587620,
0.03246388,
0.02533159,
-0.00000000,
-0.04276904,
-0.09608413,
-0.14831753,
-0.18649093,
0.79951335,
-0.18649093,
-0.14831753,
-0.09608413,
-0.04276904,
-0.00000000,
0.02533159,
0.03246388,
0.02587620,
0.01275278,
0.00000000,
-0.00798022,
-0.01006126,
-0.00773058,
-0.00361199,
-0.00000000,
0.00196757,
0.00232308,
0.00172831,
0.00084560,
0.00000000,
